1 0 83 39
2 1 515 517 1548 1549 1554 1882 1056 1569 42 43 1460 58 1083 1084 1604 82 89 1116 606 1642 1660 638 1664 132 1669 1171 1689 1690 155 1692 669 670 672 677 678 681 170 690 691 180 1205 694 1726 1731 1226 716 1741 1744 212 1241 741 1776 243 759 1785 554 260 1799 1803 790 1313 1827 1319 1322 1835 1836 1329 819 826 316 1859 841 333 1875 1370 1850 865 1390 367 393 1421 400 913 1427 916 924 1691 945 948 1462 951 964 969 970 1487 983 485 1512 1513 1524 1525 1015 1022
3 2 1029 134 775 1260 523 1671 909 1680 1682 1625 1560 559 1308 1181 1285 880 1315 166 1447 680 811 301 46 431 176 1075 1204 53 1337 573 447 1856 1729 962 1865 1866 614 1740 589 591 720 721 1876 1844 473 1371 1630 1887 1888 738 228 613 1755 105 1770 748 368 1448 1165 1144
4 3 1542 524 1773 1556 535 572 1598 71 1608 1100 1106 1621 87 90 1117 608 1638 1809 1383 1135 1139 1661 141 1678 1475 666 667 156 158 1195 1196 1721 1722 1214 1219 1221 1227 1228 207 1235 1236 1240 1756 1254 1772 237 1266 1747 245 1289 1806 1296 785 786 1299 1310 292 814 815 311 824 319 320 839 1353 312 1366 1373 863 356 1894 1895 1897 369 1906 1912 1918 1930 1933 1934 1423 1436 930 423 435 949 1472 963 1476 1477 968 459 1486 980 471 987 1501 1511 1007 496 497 1011
5 4 1940 1434 544 1955 1833 939 1837 1073 184 825 571 703 833 77 975 976 1874 725 1382 103 366 751 371 246 1916 1917 1534 1109
6 1536 1026 1667 5 262 47 910 783 1553 1283 1455 159 1840 1444 1069 174 1839 1200 946 1843 1374 1854 373 448 1222 801 585 1610 1456 1749 1369 730 932 915 733 94 1631 480 1762 483 1508 1509 63 1002 1003 620 882 123 318 745 1272 761 1146 1855 1532 253
7 6 1800 525 365 273 1555 148 1305 286 944 1067 1072 818 444 712 586 717 463 1360 465 399 349 350 95 739 1133 494
8 1218 1956 7 1928 1129 747 173 112 1375 661 854 1719 1273 255 1023
9 513 1027 1028 8 1417 142 297 426 177 1077 1593 1085 446 961 1732 840 714 1229 1550 1209 1245 1386 1134 113 372 1400 635 636 1919
10 1156 901 9 1547 1808 792 1284 1946 1952 1954 424 1454 1714 437 439 1848 954 181 1931 1860 582 1223 1463 849 992 1936 226 99 743 874 623 624 766 127
11 1153 1795 1540 1929 10 1424 149 1944 1307 1949 1314 1830 1580 1331 1605 711 347 1500 735 1632 489 618 619 493 1907 251 511
12 1515 1496 389 263 1247 1068 906 11 1676 145 1326 280 1693 1055 288 802 933 1137 1579 1708 430 1821 1861 433 692 1846 1591 1336 1076 927 1482 1727 96 1858 907 1910 1481 1354 1207 1484 1230 953 1237 1238 57 615 1884 1503 1376 315 374 999 1255 364 191 1136 625 1909 1526 631 160 1791 125 85 341
13 12 1037 528 531 1045 1048 1049 1050 1051 1052 546 1572 1061 1062 1372 44 1089 70 91 607 97 611 1644 1645 1646 1649 1651 1658 136 1681 1683 1685 1174 1716 695 698 699 701 195 1739 732 1763 1768 1267 1268 757 758 770 259 1798 1291 1805 1813 1814 279 1819 799 1312 291 1828 299 1327 1849 1851 321 1346 838 846 1365 348 1381 872 884 1911 377 1403 1404 386 1422 912 1428 1438 421 1453 1461 950 955 453 454 187 1488 1490 472 478 491 501 1014 1020 853
14 640 1408 771 1793 1802 908 13 1517 143 144 917 1176 1439 1352 1826 294 1063 1320 1834 429 942 1583 1480 287 1468 1418 575 1920 1347 49 650 1096 418 590 1745 1746 1492 1878 856 857 604 996 1636 229 1617 60 1130 363 1900 110 1006 1391 755 1908 1013 1398 248 1215 1841 383
15 385 1030 264 450 14 527 919 920 324 285 671 1316 169 434 1080 570 831 705 578 68 326 973 334 211 1367 991 1120 361 1005 503 122
16 673 443 645 646 392 859 1324 1261 1038 15 146 308 309 1274 218 1499 957 1407
17 1025 1157 1286 1287 521 651 269 16 533 151 1816 1561 1564 1441 806 935 1705 1323 1711 305 1586 1206 1609 442 1340 1469 1086 1090 965 1863 1736 201 206 847 728 1113 1634 740 1637 881 627 1585 1913 250 891 1148 1405
18 1537 1541 1032 1551 17 1054 1570 1573 689 48 561 562 54 1081 67 581 584 588 1101 1618 1619 1622 88 102 622 1140 1145 1471 639 128 1666 131 1675 1164 655 656 657 150 1179 1188 198 1393 1706 1707 1197 1710 1713 696 185 1210 1213 197 1734 200 713 1738 718 1750 1244 734 1761 230 1256 1257 1258 750 1775 754 1781 1321 760 1275 252 1493 769 812 1290 1151 781 270 271 276 1306 283 798 1328 1829 809 1927 300 1838 816 817 1842 827 1857 1862 652 1869 335 1363 1364 1877 1881 1886 1890 1339 1387 1901 1902 1903 1905 883 375 889 1914 1915 746 894 384 1414 1415 1416 408 1263 412 1479 764 1446 943 959 960 1474 1478 967 456 339 247 461 1345 981 902 989 1502 993 995 1788 1514 498 851 1016 340 1018 1021
19 1024 1031 526 18 1053 1571 1576 1577 555 45 51 565 1078 1079 1592 587 1102 84 86 1635 1127 1640 1641 1655 1659 135 1161 1163 1175 1688 162 679 171 709 199 1224 1737 208 210 1239 216 1251 1771 1234 1262 241 765 1278 1280 1292 1293 1294 557 787 793 1818 1820 807 813 304 325 331 1361 1362 343 861 862 1377 355 1385 885 1402 388 904 905 1735 401 422 1010 457 466 1491 1614 470 984 477 1000 495 1522 1528 1529 1530
20 214 1825 115 1092 182 289 777 682 1355 1201 1170 19 1332 1220 1464 1465 1760
21 641 774 1039 272 658 20 789 534 791 281 1183 165 296 306 310 61 1342 482 462 1104 1105 594 596 982 855 220 479 866 379 1253 231 232 233 509 114 1147 1149
22 512 514 1539 1281 1034 21 1047 538 1565 1060 552 556 1587 52 567 59 1599 1088 580 1095 72 1613 1103 595 1626 603 610 1126 1128 104 1142 124 126 1159 1672 137 1677 1166 1178 1182 684 183 194 1225 1748 1754 736 744 234 1259 1264 1064 1792 257 773 1288 778 1804 1807 1298 1811 796 797 1334 649 313 317 342 860 1378 1595 357 359 1389 1396 1401 1087 396 397 402 1433 936 941 440 1473 452 966 455 971 972 974 1510 1001 1519 499 504 510
23 899 1412 22 776 138 516 643 404 405 1430 1303 1304 537 1562 1563 1185 290 1699 805 406 558 307 438 189 574 835 929 1483 332 1871 80 81 1108 727 1880 729 1359 93 107 1124 997 1766 360 617 870 1131 1132 621 1008 616 1650 886 505 1786 1787 1406 1279
24 1921 1922 772 133 519 1545 1162 663 1036 642 782 1168 152 532 1173 918 23 1177 153 542 411 1180 926 1413 1824 116 1698 1187 1203 1318 295 168 1449 1450 391 1452 370 1071 1012 1459 1822 1847 56 697 221 842 830 834 1035 708 1558 715 76 1442 78 653 336 1233 852 726 441 474 475 476 1885 1557 1317 464 1380 1190 1041 1896 664 167 1725 753 1394 1652 1653 940 836 890 322 1301
25 236 24 551 1343 1216 193 1350 1607 1611 1004 1872 1873 599 868 346 1506 484 876 1269 1527 119 637
26 576 1154 1923 1302 1158 647 1160 407 1932 130 1167 1552 1937 1426 1603 1282 1941 1942 1943 1437 25 154 541 1823 803 1046 1926 1574 1575 1578 1543 428 1702 1335 1720 314 1432 704 449 66 1099 1606 202 203 1868 1357 1870 1925 1497 1094 1248 784 1431 101 742 1297 873 1898 1703 492 1518 1904 244 506 508 550
27 978 1217 451 1924 118 998 1953 1097 683 172 1709 1330 707 630 1751 1752 1945 26 1950
28 896 274 27 668 1058 931 432 952 700 64 579 1616 979 600 985 986 990 352 353 227 486 487 1138 1141 1270 120 1276 1277
29 520 28 543 547 1065 1070 560 1074 566 1596 609 74 75 1615 1627 1435 1633 106 225 121 1155 1670 1674 1300 1186 163 676 1192 1712 1202 188 706 723 731 1758 737 1250 235 749 752 1832 1779 1784 762 258 1801 779 1295 1812 277 284 1309 219 1831 808 50 821 829 1249 1864 1867 1358 1889 1891 1892 869 1384 1899 887 903 1419 1420 398 921 922 923 410 414 1443 425 328 1458 947 436 1467 460 1485 988 488 1704 500 507
30 256 1538 282 1668 268 898 654 1425 403 1559 900 794 175 925 1566 1093 545 674 1399 804 40 41 626 687 569 702 1344 323 69 1697 795 1271 354 592 1392 850 213 1495 344 420 1242 1243 1119 848 98 1379 612 1639 875 29 240 417 242 481 628 1143 634 254 1663
31 129 1110 518 522 267 1679 1939 539 1948 30 1951 800 540 938 1325 1199 688 822 1597 1440 73 843 844 1494 224 490 1782 767
32 1665 1410 644 261 1546 395 536 157 1694 31 1057 602 685 686 693 266 1723 1724 1341 65 204 205 1489 1107 724 601 858 109 445 629 1654 376 1019
33 32 768 1125 1673 1687 780 1265 338 1395 563 217 1112 249 381 1662 1189
34 33 1122 1059 1700 1701 1601 215 1388 845 529 530 1523 564 1783 1753
35 1728 1794 1411 1686 265 140 275 1684 1429 662 1815 665 1695 1696 832 34 419 327 1582 178 1588 1589 1590 1208 820 1082 956 1853 1600 1091 837 1351 1356 1098 1612 1742 1743 1643 1620 92 1757 1246 351 1504 1767 380 583 871 108 877 1774 1520 659 1780 1535 502 1769 660 192 892 1533 1150 895
36 1152 1033 1169 914 147 788 1567 35 548 549 934 1191 298 1451 1118 1581 1198 1445 1333 823 568 186 1311 329 719 1232 467 468 1623 222 223 994 867 1648 1017 763
37 1409 1797 139 190 911 1810 1044 278 415 928 675 36 293 1066 1629 1457 1845 1338 62 1397 416 1730 196 1733 633 458 1231 977 722 469 1879 1368 345 1628 605 1123 100 358 1184 1516 878 879 1470 632 1657 893 382 1466
38 897 1796 390 394 1935 1040 1042 1043 1947 413 161 1883 37 553 1715 1852 958 1348 1349 209 1115 1759 1252 1893 828 362 1938 1778 117 1656 378 1531 1789
39 387 648 111 1172 1817 409 239 1114 1568 164 38 1777 1193 810 427 302 303 1584 1544 179 1717 1718 55 1594 1211 1212 577 1602 710 1121 330 79 593 597 598 1111 1624 1498 864 1505 1507 1764 1765 337 238 1647 1009 1521 756 937 888 1194 1790